curr_step truck_id t_start_region t_destination_region order_ids tot_volume 
1 0 1 3 [0, 1, 14] 32
1 1 1 4 [12, 16, 27] 28
44 1 4 4 [12, 16, 27] 28
46 1 4 2 [2, 4, 11, 32, 40] 29
63 0 3 2 [8, 28, 30] 30
96 1 2 1 [3, 37, 45, 46] 27
103 0 2 2 [8, 28, 30] 30
105 0 2 3 [15, 18, 39, 41] 29
121 1 1 3 [6, 10] 23
146 0 3 3 [15, 18, 39, 41] 29
148 0 3 4 [21] 16
183 1 3 1 [33, 36] 22
210 0 4 4 [21] 16
212 0 4 1 [5, 31] 23
245 1 1 1 [33, 36] 22
247 1 1 3 [7, 34] 26
255 0 1 2 [13, 17, 25] 28
280 0 2 4 [23] 17
308 1 3 2 [42, 49] 29
329 0 4 4 [23] 17
331 0 4 1 [9] 17
348 1 2 2 [42, 49] 29
350 1 2 4 [38] 17
374 0 1 4 [22] 20
399 1 4 4 [38] 17
401 1 4 1 [19] 19
416 0 4 3 [20, 24, 43] 30
1 0 1 3 [0, 1, 14] 32
1 1 1 4 [12, 16, 27] 28
44 1 4 4 [12, 16, 27] 28
46 1 4 2 [2, 4, 11, 32, 40] 29
63 0 3 2 [8, 28, 30] 30
96 1 2 1 [3, 37, 45, 46] 27
103 0 2 2 [8, 28, 30] 30
105 0 2 3 [15, 18, 39, 41] 29
121 1 1 3 [6, 10] 23
146 0 3 3 [15, 18, 39, 41] 29
148 0 3 4 [21] 16
183 1 3 1 [33, 36] 22
210 0 4 4 [21] 16
212 0 4 1 [5, 31] 23
245 1 1 1 [33, 36] 22
247 1 1 3 [7, 34] 26
255 0 1 2 [13, 17, 25] 28
280 0 2 4 [23] 17
308 1 3 2 [42, 49] 29
329 0 4 4 [23] 17
331 0 4 1 [9] 17
348 1 2 2 [42, 49] 29
350 1 2 4 [38] 17
374 0 1 4 [22] 20
399 1 4 4 [38] 17
401 1 4 1 [19] 19
416 0 4 3 [20, 24, 43] 30
444 1 1 2 [29, 47] 26
469 1 2 1 [44] 20
478 0 3 4 [] 0
494 1 1 4 [48] 13
537 1 4 4 [48] 13
539 1 4 1 [26] 17
583 0 4 1 [35] 19
